130.000
130.130
130.540
131.210
132.160
133.390
134.920
136.750
138.900
141.390
144.220
147.430
151.030
155.050
159.510
164.440
169.850
175.770
182.190
189.130
196.540
204.380
212.550
220.900
229.230
237.250
244.620
250.950
255.840
258.940
260.000
258.940
255.840
250.950
244.620
237.250
229.230
220.900
212.550
204.380
196.540
189.130
182.190
175.770
169.850
164.440
159.510
155.050
151.030
147.430
144.220
141.390
138.900
136.750
134.920
133.390
132.160
131.210
130.540
130.130
130.000
130.130
130.540
131.210
132.160
133.390
134.920
136.750
138.900
141.390
144.220
147.430
151.030
155.050
159.510
164.440
169.850
175.770
182.190
189.130
196.540
204.380
212.550
220.900
229.230
237.250
244.620
250.950
255.840
258.940
260.000
258.940
255.840
250.950
244.620
237.250
229.230
220.900
212.550
204.380
196.540
189.130
182.190
175.770
169.850
164.440
159.510
155.050
151.030
147.430
144.220
141.390
138.900
136.750
134.920
133.390
132.160
131.210
130.540
130.130
